D:\Project\17²èÒ¶Ä¿±ê¼ì²â/VOCdevkit/VOC2007/JPEGImages_tea/1.bmp 412,67,433,98,0 317,144,357,176,0 375,105,400,144,0 407,128,431,173,0 437,158,458,197,0
D:\Project\17²èÒ¶Ä¿±ê¼ì²â/VOCdevkit/VOC2007/JPEGImages_tea/11.bmp 490,202,503,229,0 464,101,496,115,0 343,168,370,183,0 361,60,378,83,0 220,44,239,82,0 101,209,118,240,0
D:\Project\17²èÒ¶Ä¿±ê¼ì²â/VOCdevkit/VOC2007/JPEGImages_tea/12.bmp 478,200,507,216,0 365,73,387,91,0 307,200,338,212,0 244,157,262,181,0 120,97,146,107,0 219,44,240,83,0
D:\Project\17²èÒ¶Ä¿±ê¼ì²â/VOCdevkit/VOC2007/JPEGImages_tea/14.bmp 420,149,440,172,0 339,60,360,85,0 266,154,282,192,0 173,150,194,188,0 219,43,239,81,0 218,117,239,160,0
D:\Project\17²èÒ¶Ä¿±ê¼ì²â/VOCdevkit/VOC2007/JPEGImages_tea/18.bmp 461,197,474,245,0 328,165,360,180,0 388,83,431,109,0 265,51,289,71,0 160,102,180,131,0 155,171,182,190,0
D:\Project\17²èÒ¶Ä¿±ê¼ì²â/VOCdevkit/VOC2007/JPEGImages_tea/21.bmp 480,143,499,191,0 380,183,423,208,0 376,110,412,124,0 291,64,311,103,0 172,109,204,124,0 164,180,193,199,0
D:\Project\17²èÒ¶Ä¿±ê¼ì²â/VOCdevkit/VOC2007/JPEGImages_tea/24.bmp 467,112,480,135,0 448,198,469,235,0 380,57,411,73,0 293,85,314,123,0 117,47,146,60,0 126,177,158,198,0
D:\Project\17²èÒ¶Ä¿±ê¼ì²â/VOCdevkit/VOC2007/JPEGImages_tea/25.bmp 453,224,488,236,0 473,54,496,88,0 376,141,420,167,0 285,73,303,102,0 222,190,263,211,0 123,158,151,179,0
D:\Project\17²èÒ¶Ä¿±ê¼ì²â/VOCdevkit/VOC2007/JPEGImages_tea/26.bmp 474,54,497,85,0 443,210,463,229,0 359,150,396,168,0 296,64,323,83,0 206,81,238,117,0 107,120,135,139,0
D:\Project\17²èÒ¶Ä¿±ê¼ì²â/VOCdevkit/VOC2007/JPEGImages_tea/29.bmp 459,236,490,251,0 430,96,472,113,0 300,92,350,112,0 297,199,331,238,0 182,76,219,92,0 88,196,102,233,0
D:\Project\17²èÒ¶Ä¿±ê¼ì²â/VOCdevkit/VOC2007/JPEGImages_tea/30.bmp 457,89,512,106,0 485,198,498,241,0 272,99,315,130,0 232,178,251,225,0 143,87,184,112,0 101,136,134,148,0
D:\Project\17²èÒ¶Ä¿±ê¼ì²â/VOCdevkit/VOC2007/JPEGImages_tea/31.bmp 444,45,489,78,0 380,74,418,89,0 457,196,504,229,0 259,192,297,221,0 261,80,283,108,0 156,109,189,124,0
D:\Project\17²èÒ¶Ä¿±ê¼ì²â/VOCdevkit/VOC2007/JPEGImages_tea/36.bmp 476,93,495,127,0 429,209,469,235,0 303,195,351,230,0 209,39,231,83,0 123,52,144,96,0 340,67,360,84,0
D:\Project\17²èÒ¶Ä¿±ê¼ì²â/VOCdevkit/VOC2007/JPEGImages_tea/39.bmp 447,82,486,99,0 453,207,489,230,0 381,80,414,102,0 230,175,257,211,0 115,193,186,229,0
D:\Project\17²èÒ¶Ä¿±ê¼ì²â/VOCdevkit/VOC2007/JPEGImages_tea/4.bmp 423,171,441,196,0 373,89,392,132,0 277,171,304,228,0 259,115,275,140,0 133,163,152,207,0 157,58,191,87,0
D:\Project\17²èÒ¶Ä¿±ê¼ì²â/VOCdevkit/VOC2007/JPEGImages_tea/44.bmp 479,221,507,243,0 359,208,399,232,0 269,184,294,212,0 282,87,310,114,0 204,68,242,85,0 81,179,113,216,0
D:\Project\17²èÒ¶Ä¿±ê¼ì²â/VOCdevkit/VOC2007/JPEGImages_tea/45.bmp 468,75,483,102,0 397,80,434,98,0 291,124,317,151,0 281,223,301,253,0 190,181,206,219,0 75,154,116,192,0
D:\Project\17²èÒ¶Ä¿±ê¼ì²â/VOCdevkit/VOC2007/JPEGImages_tea/46.bmp 444,70,474,88,0 401,175,425,216,0 345,214,378,229,0 236,141,250,173,0 152,74,184,99,0 96,56,113,99,0
D:\Project\17²èÒ¶Ä¿±ê¼ì²â/VOCdevkit/VOC2007/JPEGImages_tea/49.bmp 430,55,469,69,0 301,77,342,104,0 228,43,249,71,0 289,191,309,219,0 468,229,489,251,0 130,211,170,241,0
D:\Project\17²èÒ¶Ä¿±ê¼ì²â/VOCdevkit/VOC2007/JPEGImages_tea/50.bmp 121,39,159,74,0 297,66,328,85,0 381,48,410,84,0 472,134,516,146,0 443,209,478,234,0 96,205,129,234,0
D:\Project\17²èÒ¶Ä¿±ê¼ì²â/VOCdevkit/VOC2007/JPEGImages_tea/51.bmp 457,72,492,112,0 277,96,302,119,0 190,83,228,110,0 145,170,178,199,0 250,185,279,210,0
D:\Project\17²èÒ¶Ä¿±ê¼ì²â/VOCdevkit/VOC2007/JPEGImages_tea/53.bmp 424,79,439,103,0 287,117,321,145,0 150,125,189,158,0 134,216,163,240,0 431,211,453,248,0
D:\Project\17²èÒ¶Ä¿±ê¼ì²â/VOCdevkit/VOC2007/JPEGImages_tea/54.bmp 479,82,501,100,0 424,176,466,196,0 267,87,295,102,0 199,186,236,200,0 129,128,153,173,0 166,55,190,87,0
D:\Project\17²èÒ¶Ä¿±ê¼ì²â/VOCdevkit/VOC2007/JPEGImages_tea/55.bmp 449,83,474,100,0 440,209,457,229,0 326,74,341,92,0 210,77,228,98,0 174,144,197,160,0 239,204,270,218,0
D:\Project\17²èÒ¶Ä¿±ê¼ì²â/VOCdevkit/VOC2007/JPEGImages_tea/59.bmp 204,81,234,97,0 138,146,161,174,0 221,171,246,212,0 332,72,356,97,0 404,179,439,190,0 476,216,511,237,0
D:\Project\17²èÒ¶Ä¿±ê¼ì²â/VOCdevkit/VOC2007/JPEGImages_tea/6.bmp 440,160,477,196,0 319,169,349,194,0 296,61,310,110,0 138,143,155,188,0 477,91,497,108,0 157,70,189,84,0
D:\Project\17²èÒ¶Ä¿±ê¼ì²â/VOCdevkit/VOC2007/JPEGImages_tea/60.bmp 119,94,147,109,0 219,43,242,82,0 365,73,387,90,0 244,124,265,148,0 307,196,339,210,0 473,213,503,229,0
D:\Project\17²èÒ¶Ä¿±ê¼ì²â/VOCdevkit/VOC2007/JPEGImages_tea/61.bmp 461,78,475,97,0 472,218,490,240,0 312,75,328,108,0 317,192,348,209,0 182,205,210,229,0 100,92,116,129,0
D:\Project\17²èÒ¶Ä¿±ê¼ì²â/VOCdevkit/VOC2007/JPEGImages_tea/64.bmp 134,94,161,113,0 115,212,144,234,0 266,181,316,200,0 251,65,264,95,0 363,111,387,137,0 455,164,478,193,0
D:\Project\17²èÒ¶Ä¿±ê¼ì²â/VOCdevkit/VOC2007/JPEGImages_tea/67.bmp 466,73,495,92,0 457,210,488,225,0 365,67,385,113,0 263,91,297,117,0 235,143,256,168,0 132,95,165,108,0
D:\Project\17²èÒ¶Ä¿±ê¼ì²â/VOCdevkit/VOC2007/JPEGImages_tea/69.bmp 451,62,481,104,0 447,167,489,199,0 306,150,331,188,0 352,77,375,106,0 149,84,169,116,0 130,202,156,223,0
D:\Project\17²èÒ¶Ä¿±ê¼ì²â/VOCdevkit/VOC2007/JPEGImages_tea/7.bmp 487,157,504,178,0 471,80,495,123,0 353,83,388,108,0 276,152,339,169,0 167,174,188,217,0 166,81,208,92,0
D:\Project\17²èÒ¶Ä¿±ê¼ì²â/VOCdevkit/VOC2007/JPEGImages_tea/70.bmp 455,72,480,103,0 409,210,458,229,0 379,69,399,102,0 310,178,326,216,0 144,74,174,98,0 89,235,109,265,0
D:\Project\17²èÒ¶Ä¿±ê¼ì²â/VOCdevkit/VOC2007/JPEGImages_tea/72.bmp 405,70,430,93,0 472,109,506,148,0 396,179,433,204,0 282,211,320,224,0 104,190,136,206,0 136,77,155,103,0
D:\Project\17²èÒ¶Ä¿±ê¼ì²â/VOCdevkit/VOC2007/JPEGImages_tea/73.bmp 479,109,508,137,0 371,75,401,103,0 301,110,334,129,0 399,198,420,240,0 214,133,246,161,0 135,78,153,104,0
D:\Project\17²èÒ¶Ä¿±ê¼ì²â/VOCdevkit/VOC2007/JPEGImages_tea/74.bmp 477,35,494,70,0 320,60,351,76,0 255,89,279,138,0 188,185,211,214,0 361,148,396,179,0 459,186,481,217,0
D:\Project\17²èÒ¶Ä¿±ê¼ì²â/VOCdevkit/VOC2007/JPEGImages_tea/75.bmp 442,68,471,89,0 455,183,502,203,0 367,194,387,230,0 104,177,120,210,0 129,73,163,111,0 307,44,329,70,0
D:\Project\17²èÒ¶Ä¿±ê¼ì²â/VOCdevkit/VOC2007/JPEGImages_tea/76.bmp 459,64,507,84,0 464,201,511,220,0 326,195,380,227,0 321,60,369,86,0 128,63,161,86,0 194,196,214,243,0
D:\Project\17²èÒ¶Ä¿±ê¼ì²â/VOCdevkit/VOC2007/JPEGImages_tea/78.bmp 102,59,144,94,0 196,68,236,88,0 322,62,347,107,0 429,195,457,225,0 187,179,209,203,0 422,46,457,70,0
D:\Project\17²èÒ¶Ä¿±ê¼ì²â/VOCdevkit/VOC2007/JPEGImages_tea/8.bmp 471,170,520,183,0 359,87,388,109,0 178,70,225,89,0 144,176,178,187,0 248,186,262,205,0
